Invalid input:
ARG="0 one 2 3"; ./push_swap $ARG | ./checker_OS $ARG
ARG="0 one 2 3"; ./push_swap $ARG | ./push_swap_bonus $ARG

ARG="1 3 0 9 7 2 4 5 9 6 8 "; ./push_swap $ARG | ./checker_OS $ARG
ARG="1 3 0 9 7 2 4 5 9 6 8 "; ./push_swap $ARG | ./push_swap_bonus $ARG

ARG="2 3 4 -2147483649"; ./push_swap $ARG | ./checker_OS $ARG
ARG="2 3 4 -2147483649"; ./push_swap $ARG | ./push_swap_bonus $ARG

ARG="9 12 7 16 19 2147483648"; ./push_swap $ARG | ./checker_OS $ARG
ARG="9 12 7 16 19 2147483648"; ./push_swap $ARG | ./push_swap_bonus $ARG

ARG="a"; ./push_swap $ARG | ./checker_OS $ARG
ARG="a"; ./push_swap $ARG | ./push_swap_bonus $ARG

ARG="12 4 6 8 54fhd 4354"; ./push_swap $ARG | ./checker_OS $ARG
ARG="12 4 6 8 54fhd 4354"; ./push_swap_bonus $ARG | ./checker_OS $ARG

No input
ARG=""; ./push_swap $ARG | ./checker_OS $ARG
ARG=""; ./push_swap $ARG | ./push_swap_bonus $ARG

Leading zeroes and signs
ARG="1 3 5 +9 20 -4 50 60 04 08"; ./push_swap $ARG | ./checker_OS $ARG
ARG="3 4 6 8 9 74 -56 +495"; ./push_swap $ARG | ./checker_OS $ARG

1 input:
ARG="9"; ./push_swap $ARG | ./checker_OS $ARG
ARG="9"; ./push_swap $ARG | ./push_swap_bonus $ARG

2 input:
ARG="12 9"; ./push_swap $ARG | ./checker_OS $ARG
ARG="12 9"; ./push_swap $ARG | ./push_swap_bonus $ARG

3 input:
ARG="9 12 7"; ./push_swap $ARG | ./checker_OS $ARG
ARG="9 12 7"; ./push_swap $ARG | ./push_swap_bonus $ARG

4 input:
ARG="9 12 7 16"; ./push_swap $ARG | ./checker_OS $ARG
ARG="9 12 7 16"; ./push_swap $ARG | ./push_swap_bonus $ARG

5 input:
ARG="9 12 7 16 19"; ./push_swap $ARG | ./checker_OS $ARG
ARG="9 12 7 16 19"; ./push_swap $ARG | ./push_swap_bonus $ARG


6 input:
ARG="1 9 12 7 16 19"; ./push_swap $ARG | ./checker_OS $ARG
ARG="1 9 12 7 16 19"; ./push_swap $ARG | ./push_swap_bonus $ARG

ARG="3 1 2 8 5 6"; ./push_swap $ARG | ./checker_OS $ARG
ARG="3 1 2 8 5 6"; ./push_swap $ARG | ./push_swap_bonus $ARG

ARG="9 12 7 16 19 -2147483648"; ./push_swap $ARG | ./checker_OS $ARG
ARG="9 12 7 16 19 -2147483648"; ./push_swap $ARG | ./push_swap_bonus $ARG

ARG="9 12 7 16 19 2147483647"; ./push_swap $ARG | ./checker_OS $ARG

10 input:
ARG="1 3 0 7 2 4 5 9 6 8 "; ./push_swap $ARG | ./checker_OS $ARG

25 input:
ARG="3 9 23 2 21 8 17 24 20 7 6 22 0 4 19 15 13 11 5 18 10 12 1 14 16"; ./push_swap $ARG | ./checker_OS $ARG
ARG="3 9 23 2 21 8 17 24 20 7 6 22 0 4 19 15 13 11 5 18 10 12 1 14 16"; ./push_swap $ARG | ./push_swap_bonus $ARG

50 input:
ARG="3 43 23 11 25 14 40 38 18 36 9 31 8 0 15 47 10 34 44 6 30 20 37 48 39 1 41 13 49 16 32 28 5 7 2 24 4 26 27 21 19 45 29 17 42 33 12 46 22 35 "; ./push_swap $ARG | ./checker_OS $ARG

100 input:
ARG="4 40 10 49 82 70 89 76 55 31 29 37 45 5 9 13 60 80 22 86 67 42 93 90 20 97 94 96 30 71 38 21 52 75 50 44 72 53 85 14 66 33 15 79 27 65 63 48 36 59 47 43 64 16 68 58 6 18 74 7 11 32 69 62 81 3 91 61 34 92 35 8 41 77 19 98 25 88 12 78 84 28 24 39 54 0 99 95 2 1 26 57 23 83 17 56 51 87 73 46"; ./push_swap $ARG | ./checker_OS $ARG
ARG="4 40 10 49 82 70 89 76 55 31 29 37 45 5 9 13 60 80 22 86 67 42 93 90 20 97 94 96 30 71 38 21 52 75 50 44 72 53 85 14 66 33 15 79 27 65 63 48 36 59 47 43 64 16 68 58 6 18 74 7 11 32 69 62 81 3 91 61 34 92 35 8 41 77 19 98 25 88 12 78 84 28 24 39 54 0 99 95 2 1 26 57 23 83 17 56 51 87 73 46"; ./push_swap $ARG | ./push_swap_bonus $ARG

ARG="79 39 78 0 8 12 18 74 81 98 86 69 4 28 73 10 82 7 93 24 13 17 99 11 66 60 90 96 30 89 62 59 33 36 6 15 67 75 14 88 31 37 94 27 91 77 22 53 58 2 87 61 19 55 29 95 34 3 26 54 51 32 20 44 80 83 72 50 46 5 52 40 65 16 43 42 9 63 21 85 23 57 97 92 68 84 38 47 48 64 56 76 35 49 41 1 45 70 71 25 "; ./push_swap $ARG | ./checker_OS $ARG
ARG="46 18 60 83 23 68 41 31 74 25 80 26 96 8 79 17 28 70 73 9 87 20 37 81 59 89 44 4 88 14 16 84 64 21 10 42 1 36 38 32 97 69 2 91 75 30 47 24 50 29 65 58 82 66 98 76 92 93 77 62 51 39 94 7 54 3 35 6 49 95 53 27 0 34 33 15 99 56 63 40 90 71 55 12 43 78 13 72 48 61 11 52 19 5 22 67 86 57 85 45 "; ./push_swap $ARG | ./checker_OS $ARG

500 input:
ARG="335 477 330 298 290 303 280 84 231 353 417 363 479 250 60 350 56 125 3 193 116 472 392 87 321 387 347 315 222 325 145 21 467 449 301 403 32 6 320 219 370 300 434 212 285 28 337 140 73 306 225 45 198 164 218 85 364 34 160 189 31 33 8 332 186 412 216 192 436 414 236 386 448 7 266 138 0 444 77 237 142 241 456 80 457 342 92 146 58 311 271 274 355 62 270 292 127 30 319 474 221 469 463 401 420 493 419 284 470 278 281 49 468 488 256 110 200 316 119 93 460 246 123 105 450 326 141 190 100 165 185 384 135 78 268 47 120 430 367 173 98 338 15 191 178 220 282 249 447 57 82 136 465 183 107 438 111 63 377 473 489 453 162 483 124 18 204 407 354 406 289 156 422 491 411 276 22 251 197 181 360 267 466 232 252 115 240 175 106 213 132 499 244 478 55 207 61 42 101 273 248 41 157 408 482 397 83 440 68 349 475 35 365 275 334 359 428 229 312 54 2 95 402 158 314 296 86 96 286 277 154 137 159 452 435 243 462 233 112 88 134 10 72 260 81 235 128 29 12 1 323 451 409 255 196 69 446 209 195 322 391 253 150 90 327 102 352 139 103 272 13 378 180 176 389 238 371 129 53 234 309 313 46 383 104 362 376 188 459 264 339 4 122 194 481 497 5 432 441 388 476 437 108 299 19 14 439 109 179 214 254 76 425 171 293 445 247 74 51 71 381 379 133 245 147 393 66 486 413 333 385 211 431 405 36 52 202 279 114 345 426 380 410 44 423 25 167 143 375 331 361 427 421 394 484 259 344 170 152 166 496 418 118 40 97 471 224 144 297 226 464 121 117 310 416 324 348 199 307 424 395 149 302 340 288 458 366 398 151 205 399 26 368 390 461 94 429 27 64 206 79 9 357 223 201 318 148 433 291 217 490 396 208 130 373 227 70 269 43 59 358 11 494 131 24 382 372 374 328 487 239 317 258 215 39 230 265 168 336 203 242 351 177 283 356 262 37 172 38 485 261 443 454 343 169 161 329 257 50 89 294 75 442 305 67 48 495 153 415 492 187 498 369 163 20 155 346 182 174 210 113 228 263 304 23 308 287 184 400 17 16 91 295 99 126 404 455 65 341 480"; ./push_swap $ARG | ./checker_OS $ARG
ARG="335 477 330 298 290 303 280 84 231 353 417 363 479 250 60 350 56 125 3 193 116 472 392 87 321 387 347 315 222 325 145 21 467 449 301 403 32 6 320 219 370 300 434 212 285 28 337 140 73 306 225 45 198 164 218 85 364 34 160 189 31 33 8 332 186 412 216 192 436 414 236 386 448 7 266 138 0 444 77 237 142 241 456 80 457 342 92 146 58 311 271 274 355 62 270 292 127 30 319 474 221 469 463 401 420 493 419 284 470 278 281 49 468 488 256 110 200 316 119 93 460 246 123 105 450 326 141 190 100 165 185 384 135 78 268 47 120 430 367 173 98 338 15 191 178 220 282 249 447 57 82 136 465 183 107 438 111 63 377 473 489 453 162 483 124 18 204 407 354 406 289 156 422 491 411 276 22 251 197 181 360 267 466 232 252 115 240 175 106 213 132 499 244 478 55 207 61 42 101 273 248 41 157 408 482 397 83 440 68 349 475 35 365 275 334 359 428 229 312 54 2 95 402 158 314 296 86 96 286 277 154 137 159 452 435 243 462 233 112 88 134 10 72 260 81 235 128 29 12 1 323 451 409 255 196 69 446 209 195 322 391 253 150 90 327 102 352 139 103 272 13 378 180 176 389 238 371 129 53 234 309 313 46 383 104 362 376 188 459 264 339 4 122 194 481 497 5 432 441 388 476 437 108 299 19 14 439 109 179 214 254 76 425 171 293 445 247 74 51 71 381 379 133 245 147 393 66 486 413 333 385 211 431 405 36 52 202 279 114 345 426 380 410 44 423 25 167 143 375 331 361 427 421 394 484 259 344 170 152 166 496 418 118 40 97 471 224 144 297 226 464 121 117 310 416 324 348 199 307 424 395 149 302 340 288 458 366 398 151 205 399 26 368 390 461 94 429 27 64 206 79 9 357 223 201 318 148 433 291 217 490 396 208 130 373 227 70 269 43 59 358 11 494 131 24 382 372 374 328 487 239 317 258 215 39 230 265 168 336 203 242 351 177 283 356 262 37 172 38 485 261 443 454 343 169 161 329 257 50 89 294 75 442 305 67 48 495 153 415 492 187 498 369 163 20 155 346 182 174 210 113 228 263 304 23 308 287 184 400 17 16 91 295 99 126 404 455 65 341 480"; ./push_swap $ARG | ./push_swap_bonus $ARG

ARG="30 452 391 248 42 314 373 315 372 119 115 478 475 378 363 133 240 255 221 134 233 28 482 168 93 342 235 72 85 484 388 436 132 216 330 298 89 498 170 60 113 0 36 343 364 21 84 242 218 204 122 52 68 247 108 492 332 445 381 299 365 15 64 163 456 62 185 17 27 186 53 371 50 426 307 25 77 143 430 450 211 177 411 9 356 437 308 154 176 5 169 67 354 149 447 40 54 318 442 333 125 2 393 497 432 195 61 461 458 117 470 406 131 256 412 159 261 81 291 181 287 293 128 328 199 32 275 438 386 129 331 236 375 337 266 346 151 24 329 259 488 369 156 424 34 124 459 397 395 88 80 280 295 398 76 422 405 410 210 245 283 79 376 189 301 75 277 383 285 180 212 311 161 22 91 341 467 469 263 224 379 325 321 198 56 344 351 268 480 243 265 462 446 473 495 257 201 39 197 8 158 335 95 107 92 145 496 499 355 94 57 138 485 16 206 202 394 246 106 366 90 305 182 118 455 320 174 284 63 29 472 19 270 271 474 413 309 71 357 267 326 223 466 37 451 444 421 448 87 477 317 349 7 205 359 26 120 292 281 49 82 225 350 114 153 110 83 427 200 1 232 237 258 111 123 415 417 142 46 479 139 155 228 464 234 449 10 227 150 493 494 127 126 392 250 104 423 289 273 428 4 193 408 209 135 403 276 55 172 463 251 416 100 18 489 465 476 253 487 338 460 431 468 435 286 252 121 164 491 387 98 194 418 374 327 188 402 404 434 187 33 160 414 249 12 238 69 207 86 178 288 3 380 306 409 203 217 396 99 312 490 147 389 196 23 481 352 229 137 213 368 339 102 171 272 162 11 173 231 264 105 353 184 140 323 370 385 401 241 244 471 14 322 130 324 382 65 103 362 278 44 146 279 214 290 334 269 407 96 45 191 303 262 148 101 48 453 360 310 260 226 13 361 190 390 141 483 208 486 35 347 192 219 175 38 296 51 302 144 239 358 367 274 152 20 294 157 377 166 97 400 433 136 31 112 47 6 66 165 282 440 116 58 443 59 73 454 340 220 297 348 441 419 313 399 70 167 439 215 457 179 336 304 183 300 429 222 384 109 78 74 254 41 319 345 425 43 230 420 316 "; ./push_swap $ARG | ./checker_OS $ARG
ARG="307 229 499 407 487 163 231 329 408 359 209 56 438 123 386 233 11 313 274 166 242 34 149 72 469 47 390 21 348 331 404 7 60 266 399 419 498 228 328 289 384 147 413 122 232 276 287 6 442 382 393 444 306 214 491 196 87 191 27 492 198 439 248 465 190 167 315 347 24 83 23 325 205 255 101 493 114 396 227 192 33 73 183 82 161 374 109 153 424 401 253 241 91 420 362 268 284 423 351 409 415 202 254 381 98 481 240 290 366 165 448 326 51 410 327 311 84 69 357 117 477 392 421 89 188 194 195 144 176 286 395 111 343 5 14 337 342 416 273 263 171 130 92 140 107 206 32 288 128 168 219 425 238 215 453 251 2 78 113 480 297 322 46 85 237 29 177 377 136 236 216 285 154 356 431 474 226 74 156 39 19 365 193 412 278 25 441 308 402 429 44 112 301 212 496 157 143 471 81 49 260 37 298 418 400 427 220 150 48 349 68 211 230 440 279 447 336 494 388 134 265 0 77 323 31 63 376 304 312 224 435 58 243 53 170 28 222 105 403 300 203 132 464 468 18 490 79 249 137 124 344 42 454 186 391 486 371 479 314 341 184 432 57 129 272 485 213 10 422 121 96 309 245 345 178 258 204 41 451 324 302 97 50 86 99 54 252 160 405 22 152 466 446 142 436 217 484 15 319 299 126 495 489 223 66 463 106 334 120 100 316 174 340 76 369 364 135 275 353 385 199 461 295 452 267 293 145 104 338 239 457 414 350 43 363 16 472 475 26 210 320 449 259 151 95 455 162 333 38 332 4 141 131 35 497 221 3 118 426 127 456 181 244 264 269 450 443 380 250 281 257 305 270 139 235 330 467 70 262 482 13 321 294 175 146 445 88 261 397 352 434 173 256 1 282 370 20 169 110 361 462 317 280 9 94 197 291 159 437 45 368 80 201 119 373 67 180 65 354 460 378 389 387 398 346 367 182 164 433 116 17 172 148 379 246 138 355 339 125 394 75 218 71 207 372 179 102 277 55 185 115 473 189 64 303 476 247 483 61 225 478 458 335 59 283 12 318 90 208 93 310 62 36 292 375 296 271 383 459 40 234 133 360 470 406 358 155 158 488 417 108 187 430 8 52 30 200 411 103 428 "; ./push_swap $ARG | ./checker_OS $ARG
ARG="413 433 251 306 491 97 161 298 405 494 444 473 377 145 308 212 409 204 485 48 59 271 189 345 45 269 463 69 94 314 362 28 65 20 371 15 33 169 420 113 245 257 110 54 469 372 258 307 78 461 367 475 230 182 179 277 359 393 157 414 292 447 197 64 327 163 310 437 125 364 406 497 474 213 270 495 143 231 119 397 16 493 174 227 239 331 4 5 148 304 408 132 423 375 401 91 398 417 41 412 36 252 127 7 66 376 23 411 50 2 233 107 256 312 352 321 296 128 196 217 29 139 44 279 56 300 320 404 299 333 470 175 357 225 460 236 458 67 243 254 407 496 203 87 272 468 35 99 106 399 264 432 303 63 266 123 316 435 95 190 381 178 98 340 26 153 71 278 247 347 53 338 229 104 79 442 137 14 389 368 80 30 425 348 313 260 268 356 166 218 22 472 72 391 498 209 388 325 24 202 365 301 237 186 149 403 255 455 242 438 349 11 92 73 290 324 476 232 108 201 459 18 219 164 13 83 192 17 8 395 281 126 52 360 358 318 285 436 19 244 234 439 286 451 155 180 151 253 61 335 207 198 384 350 185 76 488 47 343 434 386 490 305 51 400 150 55 452 133 445 499 430 74 88 216 311 176 477 159 25 450 85 82 382 274 369 165 152 440 220 226 111 199 135 77 49 456 431 223 121 171 342 191 42 462 265 40 194 134 387 465 467 379 353 6 315 385 392 380 131 346 344 323 466 224 287 146 261 293 114 34 370 250 448 489 319 317 337 1 38 0 195 222 390 421 120 141 9 309 238 273 112 90 160 84 58 280 109 464 200 326 81 70 276 214 449 158 68 295 419 167 288 330 136 263 482 383 86 105 322 57 283 415 259 396 302 429 297 289 215 363 10 147 378 183 184 156 102 240 75 208 487 492 483 144 334 484 355 206 428 361 275 39 329 27 443 122 366 427 193 3 168 282 332 416 422 205 142 446 228 235 441 43 124 211 210 101 284 336 32 93 374 424 89 453 471 103 351 410 173 12 62 241 454 162 373 60 262 246 177 187 328 341 100 115 402 116 354 486 181 129 481 426 249 291 480 130 172 21 96 221 138 479 31 37 294 117 46 478 339 170 154 248 118 418 394 457 267 140 188 "; ./push_swap $ARG | ./checker_OS $ARG
ARG="487 114 373 3 36 498 493 152 347 165 315 322 461 129 362 213 154 259 313 197 9 352 26 351 181 128 257 38 338 483 305 356 381 341 354 374 345 201 39 13 24 142 238 417 296 452 176 462 149 185 314 27 388 8 198 481 264 189 145 196 43 371 42 97 263 55 473 467 211 385 163 413 307 164 451 474 192 191 173 52 411 250 22 254 450 107 396 344 204 11 251 177 478 300 215 146 51 432 131 123 68 414 187 96 20 120 358 16 167 62 379 270 239 210 71 479 277 217 30 258 190 6 209 166 372 331 231 138 18 327 10 121 448 333 316 393 48 122 132 193 463 35 262 137 443 336 495 2 158 376 241 367 421 377 221 157 37 402 437 47 82 435 81 482 139 329 143 272 19 457 80 386 1 116 222 326 200 112 102 49 130 489 212 340 32 57 465 391 175 234 220 318 59 140 428 44 72 180 445 208 67 244 459 419 31 89 472 91 279 288 83 118 103 342 496 325 415 28 141 442 86 310 115 490 387 456 476 429 301 69 236 17 269 382 447 297 394 88 253 475 311 491 302 170 275 110 380 182 229 0 287 153 298 399 255 228 471 92 125 104 235 485 323 127 289 466 409 247 261 70 497 195 101 73 283 410 105 134 350 290 172 353 278 375 349 23 155 179 403 441 291 434 100 245 285 424 147 266 202 494 423 148 348 400 94 324 378 303 405 252 295 334 343 401 66 355 330 431 486 317 422 85 390 135 232 469 427 484 246 499 79 293 480 223 34 304 4 383 188 449 319 280 368 243 242 416 225 53 15 206 54 87 75 58 346 150 440 321 133 171 458 226 218 144 216 468 186 397 453 369 418 203 46 460 366 439 470 14 25 207 433 406 29 74 109 328 21 407 276 392 136 299 99 230 162 124 168 93 33 365 438 178 420 477 308 214 271 436 227 412 389 274 126 444 339 281 359 64 224 40 273 398 156 294 76 492 108 360 425 119 151 404 194 90 77 363 205 268 159 12 117 56 106 95 265 113 446 408 199 7 98 337 282 426 309 332 284 111 169 184 41 256 454 63 45 61 65 306 160 240 260 464 286 78 488 267 233 395 248 455 5 361 237 183 161 430 292 84 370 384 174 320 357 364 50 335 219 312 249 60 "; ./push_swap $ARG | ./checker_OS $ARG
ARG="17 190 106 397 2 108 81 154 213 152 309 82 131 85 167 40 379 69 156 87 421 268 482 286 409 66 424 350 249 14 418 487 255 369 363 109 429 306 456 7 84 105 368 91 477 199 88 318 196 166 348 359 444 36 153 71 298 138 38 33 367 210 438 266 20 488 65 320 203 95 218 445 117 194 439 59 495 417 34 215 127 388 126 18 11 31 364 275 50 325 426 385 280 179 241 295 103 352 387 316 238 370 262 321 414 427 285 80 254 135 115 96 277 293 168 189 343 77 35 205 60 466 171 188 326 304 372 330 90 26 386 336 457 474 165 270 365 187 224 319 150 54 338 62 435 231 461 341 454 485 377 337 468 315 274 483 239 261 175 10 45 329 430 29 48 1 250 491 147 276 121 373 481 197 342 310 331 214 41 233 334 287 242 420 480 408 219 176 263 163 322 144 345 75 4 299 470 30 107 174 207 232 258 72 43 256 475 492 208 164 357 312 246 46 297 212 283 226 116 240 497 216 324 378 169 353 360 192 114 292 157 146 375 362 136 479 200 289 260 137 390 428 100 405 347 440 6 450 123 217 463 273 83 70 313 37 344 436 49 122 493 110 221 183 236 358 472 301 148 392 101 86 411 376 391 462 393 471 118 245 458 53 32 89 79 307 303 404 57 265 252 76 161 396 500 423 22 425 499 327 195 476 113 416 44 398 340 140 333 410 451 278 181 180 3 489 464 311 15 361 173 459 104 402 366 247 25 400 257 305 19 141 159 478 64 234 290 132 8 384 335 291 469 229 142 21 244 389 222 473 407 68 172 158 323 431 128 253 460 56 111 264 119 406 496 235 201 272 42 441 437 151 455 351 23 294 422 52 415 12 13 98 453 484 380 78 112 381 130 211 282 47 354 349 58 134 67 465 279 193 27 314 155 355 182 251 339 433 302 204 328 434 432 228 413 63 401 206 133 442 486 308 160 143 374 125 93 449 317 5 178 184 145 223 202 149 371 383 177 162 446 259 296 74 467 498 452 443 55 448 61 51 39 73 300 94 9 28 225 271 191 124 490 16 129 356 227 92 220 209 281 230 403 284 267 399 198 288 332 24 447 419 99 185 382 97 412 394 139 248 102 269 243 186 237 120 395 494 170 346"; ./push_swap $ARG | ./checker_OS $ARG




ARG="4 40 10 49 82 70 89 76 55"; ./push_swap $ARG | wc -l